A
AOO	30	50	OFF	1
VOO	51	65	200	1
AAI	30	50	100	1	0	150	150	30	3
VVI	30	50	100	1	0	150	30	3
DOO	30	50	70	100	100	1	1
AOOR	30	50	50	OFF	1	V-Low	10	1	2
VOOR	30	50	100	1	50	V-Low	10	1	2
AAIR	30	50	50	OFF	1	0	150	OFF	OFF	OFF	V-Low	10	1	2
VVIR	60	120	120	5	1	-	320	Off	Off	3500	30	8	5
DOOR	30	50	50	70	700	100	1	1	V-Low	10	1	2
B
AOO	30	50	OFF	1
VOO	60	120	3.5	1
AAI	60	120	5	1	-	250	250	Off	Off
VVI	60	120	5	1	-	320	Off	Off
DOO	60	120	150	5	5	1	1
AOOR	60	120	120	5	1	3500	30	8	5
VOOR	60	120	120	5	1	-	250	250	Off	Off	3500	30	8	5
AAIR	60	120	120	5	1	3500	30	8	5
VVIR	60	120	120	5	1	-	320	Off	Off	3500	30	8	5
DOOR	60	120	120	150	5	5	1	1	3500	30	8	5
